spice = [0.283677348293627 0.130491277113303 0.0124675771507011
-0.0130375989820607 -0.253067713003642 -0.0006882335801592
 0.02402926070366 0.0122057988075614 -0.147559352029551];
isaw = zeros(3);
isaw(3,:) = spice(3,:);
isaw(1,:) = -spice(2,:);
isaw(2,:) = spice(1,:);
isaw = isaw'
